 t120304_065403.scr.rf 0  3101.000  55990.2879049469477    0.00    4.72        0
 t120304_065403.scr.rf 1  3101.000  55990.2882521589499    0.00   16.65        0
 t120304_065403.scr.rf 2  3101.000  55990.2885993653158    0.00    4.92        0
 t120304_065403.scr.rf 3  3101.000  55990.2889465639825    0.00    4.50        0
 t120304_065403.scr.rf 4  3101.000  55990.2892937560859    0.00    5.39        0
 t120304_065403.scr.rf 5  3101.000  55990.2896409429115    0.00    6.37        0
 t120304_065403.scr.rf 6  3101.000  55990.2899883827648    0.00   10.22        0
 t120304_065403.scr.rf 7  3101.000  55990.2903355548797    0.00    5.99        0
 t120304_065403.scr.rf 8  3101.000  55990.2906827202951    0.00    5.02        0
 t120304_065403.scr.rf 9  3101.000  55990.2910298792754    0.00    4.44        0
 t120304_065403.scr.rf 10 3101.000  55990.2913770304007    0.00    5.10        0
 t120304_065403.scr.rf 11 3101.000  55990.2917244399112    0.00    4.63        0
 t120304_065403.scr.rf 12 3101.000  55990.2920715757254    0.00    5.14        0
 t120304_065403.scr.rf 13 3101.000  55990.2924187113798    0.00    5.32        0
 t120304_065403.scr.rf 14 3101.000  55990.2927661011323    0.00    4.01        0
 t120304_065403.scr.rf 15 3101.000  55990.2931132212808    0.00    5.67        0
 t120304_065403.scr.rf 16 3101.000  55990.2934603353231    0.00   14.68        0
 t120304_065403.scr.rf 17 3101.000  55990.2938077071244    0.00    7.56        0
 t120304_065403.scr.rf 18 3101.000  55990.2941548075255    0.00    9.40        0
 t120304_065403.scr.rf 19 3101.000  55990.2945021654736    0.00    7.59        0
 t120304_065403.scr.rf 20 3101.000  55990.2948492564732    0.00    4.42        0
 t120304_065403.scr.rf 21 3101.000  55990.2951966021683    0.00    5.50        0
 t120304_065403.scr.rf 22 3101.000  55990.2955436802735    0.00    4.00        0
 t120304_065403.scr.rf 23 3101.000  55990.2958910153252    0.00    5.38        0
 t120304_065403.scr.rf 24 3101.000  55990.2962383457421    0.00    8.04        0
 t120304_065403.scr.rf 25 3101.000  55990.2965854061848    0.00    4.05        0
 t120304_065403.scr.rf 26 3101.000  55990.2969327245976    0.00    4.33        0
 t120304_065403.scr.rf 27 3101.000  55990.2972797753036    0.00    7.81        0
 t120304_065403.scr.rf 28 3101.000  55990.2976270832471    0.00    5.20        0
 t120304_065403.scr.rf 29 3101.000  55990.2979743908037    0.00    6.76        0
 t120304_065403.scr.rf 30 3101.000  55990.2983214176785    0.00   11.55        0
 t120304_065403.scr.rf 31 3101.000  55990.2986687050691    0.00    7.32        0
 t120304_065403.scr.rf 32 3101.000  55990.2990160023990    0.00    8.84        0
 t120304_065403.scr.rf 33 3101.000  55990.2993632876469    0.00    5.17        0
 t120304_065403.scr.rf 34 3101.000  55990.2997103038868    0.00    5.75        0
 t120304_065403.scr.rf 35 3101.000  55990.3000575789605    0.00    4.97        0
 t120304_065403.scr.rf 36 3101.000  55990.3004048498471    0.00    4.14        0
 t120304_065403.scr.rf 37 3101.000  55990.3007521183653    0.00    6.06        0
 t120304_065403.scr.rf 38 3101.000  55990.3010993719595    0.00    6.38        0
 t120304_065403.scr.rf 39 3101.000  55990.3014466389185    0.00   14.21        0
 t120304_065403.scr.rf 40 3101.000  55990.3017936310507    0.00    7.41        0
 t120304_065403.scr.rf 41 3101.000  55990.3021408822089    0.00   15.18        0
 t120304_065403.scr.rf 42 3101.000  55990.3024881332938    0.00    8.25        0
 t120304_065403.scr.rf 43 3101.000  55990.3028353779491    0.00    8.05        0
 t120304_065403.scr.rf 44 3101.000  55990.3031826223781    0.00    6.57        0
 t120304_065403.scr.rf 45 3101.000  55990.3035298595911    0.00    6.15        0
 t120304_065403.scr.rf 46 3101.000  55990.3038770973742    0.00    8.37        0
 t120304_065403.scr.rf 47 3101.000  55990.3042243373204    0.00    7.97        0
 t120304_065403.scr.rf 48 3101.000  55990.3045715819935    0.00    7.13        0
 t120304_065403.scr.rf 49 3101.000  55990.3049188029097    0.00    7.37        0
 t120304_065403.scr.rf 50 3101.000  55990.3052660316587    0.00    6.27        0
 t120304_065403.scr.rf 51 3101.000  55990.3056132621674    0.00    5.48        0
 t120304_065403.scr.rf 52 3101.000  55990.3059604806333    0.00    6.34        0
 t120304_065403.scr.rf 53 3101.000  55990.3063077088170    0.00    3.75        0
 t120304_065403.scr.rf 54 3101.000  55990.3066549348959    0.00   10.80        0
 t120304_065403.scr.rf 55 3101.000  55990.3070021562505    0.00    8.59        0
 t120304_065403.scr.rf 56 3101.000  55990.3073493812726    0.00    8.07        0
 t120304_065403.scr.rf 57 3101.000  55990.3076967088540    0.00    7.34        0
 t120304_065403.scr.rf 58 3101.000  55990.3080438225608    0.00    5.75        0
 t120304_065403.scr.rf 59 3101.000  55990.3083910459964    0.00    4.36        0
 t120304_065403.scr.rf 60 3101.000  55990.3087382684484    0.00    4.64        0
 t120304_065403.scr.rf 61 3101.000  55990.3090854913887    0.00    4.44        0
 t120304_065403.scr.rf 62 3101.000  55990.3094327186892    0.00   10.73        0
 t120304_065403.scr.rf 63 3101.000  55990.3097799366559    0.00    4.68        0
 t120304_065403.scr.rf 64 3101.000  55990.3101271623122    0.00    6.88        0
 t120304_065403.scr.rf 65 3101.000  55990.3104743917824    0.00    5.15        0
 t120304_065403.scr.rf 66 3101.000  55990.3108216198218    0.00    6.04        0
 t120304_065403.scr.rf 67 3101.000  55990.3111688500083    0.00    5.04        0
 t120304_065403.scr.rf 68 3101.000  55990.3115158209104    0.00    6.01        0
 t120304_065403.scr.rf 69 3101.000  55990.3118630560286    0.00    5.46        0
 t120304_065403.scr.rf 70 3101.000  55990.3122102970104    0.00    5.52        0
 t120304_065403.scr.rf 71 3101.000  55990.3125575328264    0.00    5.53        0
 t120304_065403.scr.rf 72 3101.000  55990.3129047548646    0.00    7.47        0
 t120304_065403.scr.rf 73 3101.000  55990.3132520191398    0.00    7.64        0
 t120304_065403.scr.rf 74 3101.000  55990.3135992687277    0.00    8.28        0
 t120304_065403.scr.rf 75 3101.000  55990.3139465228767    0.00    4.92        0
 t120304_065403.scr.rf 76 3101.000  55990.3142937794348    0.00    7.06        0
 t120304_065403.scr.rf 77 3101.000  55990.3146410337003    0.00    6.30        0
 t120304_065403.scr.rf 78 3101.000  55990.3149883039412    0.00    5.36        0
 t120304_065403.scr.rf 79 3101.000  55990.3153353091945    0.00    6.75        0
 t120304_065403.scr.rf 80 3101.000  55990.3156825836876    0.00    7.68        0
 t120304_065403.scr.rf 81 3101.000  55990.3160298619562    0.00    6.15        0
 t120304_065403.scr.rf 82 3101.000  55990.3163771432656    0.00    6.03        0
 t120304_065403.scr.rf 83 3101.000  55990.3167244368970    0.00    4.90        0
 t120304_065403.scr.rf 84 3101.000  55990.3170714648033    0.00    9.84        0
 t120304_065403.scr.rf 85 3101.000  55990.3174187650283    0.00    4.73        0
 t120304_065403.scr.rf 86 3101.000  55990.3177660674865    0.00    5.55        0
 t120304_065403.scr.rf 87 3101.000  55990.3181131160489    0.00    7.63        0
 t120304_065403.scr.rf 88 3101.000  55990.3184604328108    0.00    4.69        0
 t120304_065403.scr.rf 89 3101.000  55990.3188077557036    0.00    4.41        0
 t120304_065403.scr.rf 90 3101.000  55990.3191548223828    0.00    4.28        0
 t120304_065403.scr.rf 91 3101.000  55990.3195021575911    0.00    6.29        0
 t120304_065403.scr.rf 92 3101.000  55990.3198492389328    0.00    8.38        0
 t120304_065403.scr.rf 93 3101.000  55990.3201965875616    0.00    7.99        0
 t120304_065403.scr.rf 94 3101.000  55990.3205436822771    0.00    8.60        0
 t120304_065403.scr.rf 95 3101.000  55990.3208910443424    0.00    8.47        0
 t120304_065403.scr.rf 96 3101.000  55990.3212381515926    0.00    4.12        0
 t120304_065403.scr.rf 97 3101.000  55990.3215855294318    0.00    4.43        0
 t120304_065403.scr.rf 98 3101.000  55990.3219326531296    0.00    8.86        0
 t120304_065403.scr.rf 99 3101.000  55990.3222800445528    0.00   11.12        0
 t120304_065403.scr.rf 10 3101.000  55990.3226271852896    0.00    6.06        0
 t120304_065403.scr.rf 10 3101.000  55990.3229743300153    0.00    6.94        0
 t120304_065403.scr.rf 10 3101.000  55990.3233214826446    0.00    6.94        0
 t120304_065403.scr.rf 10 3101.000  55990.3236689067367    0.00    4.36        0
 t120304_065403.scr.rf 10 3101.000  55990.3240160727589    0.00    6.74        0
 t120304_065403.scr.rf 10 3101.000  55990.3243632543966    0.00    5.21        0
 t120304_065403.scr.rf 10 3101.000  55990.3247104395028    0.00    4.08        0
 t120304_065403.scr.rf 10 3101.000  55990.3250576334441    0.00    4.30        0
 t120304_065403.scr.rf 10 3101.000  55990.3254048396242    0.00    4.86        0
 t120304_065403.scr.rf 10 3101.000  55990.3257523064063    0.00    6.06        0
 t120304_065403.scr.rf 11 3101.000  55990.3260995268054    0.00    6.56        0
 t120304_065403.scr.rf 11 3101.000  55990.3264464927221    0.00    5.61        0
 t120304_065403.scr.rf 11 3101.000  55990.3267937293978    0.00    5.40        0
 t120304_065403.scr.rf 11 3101.000  55990.3271409720341    0.00    8.91        0
 t120304_065403.scr.rf 11 3101.000  55990.3274882248310    0.00    8.03        0
 t120304_065403.scr.rf 11 3101.000  55990.3278354890702    0.00    5.79        0
 t120304_065403.scr.rf 11 3101.000  55990.3281827594760    0.00    4.96        0
 t120304_065403.scr.rf 11 3101.000  55990.3285300336366    0.00    4.38        0
 t120304_065403.scr.rf 11 3101.000  55990.3288770562530    0.00    8.77        0
 t120304_065403.scr.rf 11 3101.000  55990.3292243574143    0.00    8.97        0
 t120304_065403.scr.rf 12 3101.000  55990.3295716512045    0.00    5.25        0
 t120304_065403.scr.rf 12 3101.000  55990.3299187056323    0.00    7.51        0
 t120304_065403.scr.rf 12 3101.000  55990.3302660252932    0.00    3.15        0
 t120304_065403.scr.rf 12 3101.000  55990.3306133539319    0.00    5.44        0
 t120304_065403.scr.rf 12 3101.000  55990.3309604273351    0.00   12.02        0
 t120304_065403.scr.rf 12 3101.000  55990.3313077739452    0.00    5.66        0
 t120304_065403.scr.rf 12 3101.000  55990.3316548677519    0.00    5.72        0
 t120304_065403.scr.rf 12 3101.000  55990.3320022260013    0.00    3.73        0
 t120304_065403.scr.rf 12 3101.000  55990.3323493341603    0.00    4.90        0
 t120304_065403.scr.rf 12 3101.000  55990.3326964480580    0.00    3.38        0
 t120304_065403.scr.rf 13 3101.000  55990.3330438360853    0.00    8.39        0
 t120304_065403.scr.rf 13 3101.000  55990.3333909650058    0.00    4.57        0
 t120304_065403.scr.rf 13 3101.000  55990.3337381039108    0.00    4.52        0
 t120304_065403.scr.rf 13 3101.000  55990.3340855129420    0.00    5.19        0
 t120304_065403.scr.rf 13 3101.000  55990.3344326692120    0.00    8.10        0
 t120304_065403.scr.rf 13 3101.000  55990.3347798297255    0.00    6.45        0
 t120304_065403.scr.rf 13 3101.000  55990.3351270001970    0.00    6.16        0
 t120304_065403.scr.rf 13 3101.000  55990.3354741791094    0.00    8.94        0
 t120304_065403.scr.rf 13 3101.000  55990.3358216234429    0.00    6.29        0
 t120304_065403.scr.rf 13 3101.000  55990.3361688151990    0.00    5.14        0
 t120304_065403.scr.rf 14 3101.000  55990.3365160137089    0.00    5.46        0
 t120304_065403.scr.rf 14 3101.000  55990.3368632156289    0.00    5.62        0
 t120304_065403.scr.rf 14 3101.000  55990.3372104328851    0.00    5.73        0
 t120304_065403.scr.rf 14 3101.000  55990.3375576515809    0.00    4.18        0
 t120304_065403.scr.rf 14 3101.000  55990.3379048779592    0.00    5.29        0
 t120304_065403.scr.rf 14 3101.000  55990.3382521082186    0.00    6.62        0
 t120304_065403.scr.rf 14 3101.000  55990.3385993519017    0.00    8.23        0
 t120304_065403.scr.rf 14 3101.000  55990.3389465921815    0.00    4.13        0
 t120304_065403.scr.rf 14 3101.000  55990.3392938477444    0.00    4.98        0
 t120304_065403.scr.rf 14 3101.000  55990.3396408432068    0.00    4.68        0
 t120304_065403.scr.rf 15 3101.000  55990.3399881140215    0.00   16.45        0
 t120304_065403.scr.rf 15 3101.000  55990.3403353770773    0.00    7.56        0
 t120304_065403.scr.rf 15 3101.000  55990.3406826566692    0.00   16.87        0
 t120304_065403.scr.rf 15 3101.000  55990.3410299350694    0.00    8.68        0
 t120304_065403.scr.rf 15 3101.000  55990.3413769585687    0.00    6.95        0
 t120304_065403.scr.rf 15 3101.000  55990.3417242509603    0.00    4.77        0
 t120304_065403.scr.rf 15 3101.000  55990.3420715388358    0.00   15.23        0
 t120304_065403.scr.rf 15 3101.000  55990.3424188512433    0.00    4.85        0
 t120304_065403.scr.rf 15 3101.000  55990.3427658952249    0.00    7.46        0
 t120304_065403.scr.rf 15 3101.000  55990.3431132086583    0.00    4.25        0
 t120304_065403.scr.rf 16 3101.000  55990.3434605280073    0.00   26.59        0
 t120304_065403.scr.rf 16 3101.000  55990.3438075849454    0.00    3.17        0
 t120304_065403.scr.rf 16 3101.000  55990.3441549082819    0.00    8.20        0
 t120304_065403.scr.rf 16 3101.000  55990.3445019790624    0.00    5.31        0
 t120304_065403.scr.rf 16 3101.000  55990.3448493141145    0.00    5.60        0
 t120304_065403.scr.rf 16 3101.000  55990.3451966482744    0.00    7.02        0
 t120304_065403.scr.rf 16 3101.000  55990.3455437283474    0.00    7.99        0
 t120304_065403.scr.rf 16 3101.000  55990.3458910796124    0.00    6.39        0
 t120304_065403.scr.rf 16 3101.000  55990.3462381663656    0.00    6.40        0
 t120304_065403.scr.rf 16 3101.000  55990.3465855208435    0.00    5.50        0
 t120304_065403.scr.rf 17 3101.000  55990.3469326169896    0.00    5.04        0
 t120304_065403.scr.rf 17 3101.000  55990.3472799779053    0.00    5.33        0
 t120304_065403.scr.rf 17 3101.000  55990.3476270773312    0.00    5.61        0
 t120304_065403.scr.rf 17 3101.000  55990.3479744427322    0.00    4.05        0
 t120304_065403.scr.rf 17 3101.000  55990.3483215524563    0.00    6.91        0
 t120304_065403.scr.rf 17 3101.000  55990.3486689212608    0.00    4.93        0
 t120304_065403.scr.rf 17 3101.000  55990.3490160389708    0.00   10.23        0
 t120304_065403.scr.rf 17 3101.000  55990.3493631483315    0.00    8.17        0
 t120304_065403.scr.rf 17 3101.000  55990.3497105242710    0.00    4.77        0
 t120304_065403.scr.rf 17 3101.000  55990.3500576450164    0.00    4.66        0
 t120304_065403.scr.rf 18 3101.000  55990.3504050286439    0.00    4.33        0
 t120304_065403.scr.rf 18 3101.000  55990.3507521496100    0.00    5.88        0
 t120304_065403.scr.rf 18 3101.000  55990.3510992785807    0.00    5.07        0
 t120304_065403.scr.rf 18 3101.000  55990.3514466656732    0.00    5.70        0
 t120304_065403.scr.rf 18 3101.000  55990.3517937905769    0.00    8.18        0
 t120304_065403.scr.rf 18 3101.000  55990.3521409188469    0.00    5.87        0
 t120304_065403.scr.rf 18 3101.000  55990.3524883112700    0.00    8.73        0
 t120304_065403.scr.rf 18 3101.000  55990.3528354448602    0.00    9.83        0
 t120304_065403.scr.rf 18 3101.000  55990.3531825775350    0.00    8.45        0
 t120304_065403.scr.rf 18 3101.000  55990.3535299720295    0.00    9.39        0
 t120304_065403.scr.rf 19 3101.000  55990.3538772236082    0.00    9.54        0
 t120304_065403.scr.rf 19 3101.000  55990.3542242412177    0.00    3.95        0
 t120304_065403.scr.rf 19 3101.000  55990.3545716398313    0.00    5.99        0
 t120304_065403.scr.rf 19 3101.000  55990.3549187731056    0.00    5.35        0
 t120304_065403.scr.rf 19 3101.000  55990.3552659097280    0.00    9.42        0
 t120304_065403.scr.rf 19 3101.000  55990.3556133082423    0.00    6.03        0
 t120304_065403.scr.rf 19 3101.000  55990.3559604476793    0.00    6.09        0
 t120304_065403.scr.rf 19 3101.000  55990.3563075790969    0.00    5.09        0
 t120304_065403.scr.rf 19 3101.000  55990.3566549773667    0.00    4.28        0
 t120304_065403.scr.rf 19 3101.000  55990.3570021120817    0.00    4.15        0
 t120304_065403.scr.rf 20 3101.000  55990.3573492454472    0.00    9.05        0
 t120304_065403.scr.rf 20 3101.000  55990.3576966434369    0.00    5.74        0
 t120304_065403.scr.rf 20 3101.000  55990.3580437758139    0.00    3.85        0
 t120304_065403.scr.rf 20 3101.000  55990.3583909077207    0.00    8.70        0
 t120304_065403.scr.rf 20 3101.000  55990.3587382962006    0.00    8.41        0
 t120304_065403.scr.rf 20 3101.000  55990.3590854323292    0.00    6.20        0
 t120304_065403.scr.rf 20 3101.000  55990.3594325606999    0.00    5.85        0
 t120304_065403.scr.rf 20 3101.000  55990.3597799511268    0.00    4.39        0
 t120304_065403.scr.rf 20 3101.000  55990.3601270747820    0.00    8.29        0
 t120304_065403.scr.rf 20 3101.000  55990.3604744686549    0.00   17.81        0
 t120304_065403.scr.rf 21 3101.000  55990.3608215885916    0.00    5.40        0
 t120304_065403.scr.rf 21 3101.000  55990.3611687056821    0.00    6.84        0
 t120304_065403.scr.rf 21 3101.000  55990.3615160900261    0.00   10.36        0
 t120304_065403.scr.rf 21 3101.000  55990.3618632062619    0.00    9.22        0
 t120304_065403.scr.rf 21 3101.000  55990.3622105852224    0.00    5.07        0
 t120304_065403.scr.rf 21 3101.000  55990.3625577023303    0.00    8.56        0
 t120304_065403.scr.rf 21 3101.000  55990.3629048087056    0.00    5.48        0
 t120304_065403.scr.rf 21 3101.000  55990.3632521784321    0.00    7.91        0
 t120304_065403.scr.rf 21 3101.000  55990.3635992875949    0.00    4.90        0
 t120304_065403.scr.rf 21 3101.000  55990.3639467779089    0.00   10.10        0
 t120304_065403.scr.rf 22 3101.000  55990.3642937602242    0.00   15.08        0
 t120304_065403.scr.rf 22 3101.000  55990.3646411176215    0.00    8.05        0
 t120304_065403.scr.rf 22 3101.000  55990.3649882089652    0.00    8.15        0
 t120304_065403.scr.rf 22 3101.000  55990.3653355636978    0.00    5.57        0
 t120304_065403.scr.rf 22 3101.000  55990.3656826541330    0.00   11.26        0
 t120304_065403.scr.rf 22 3101.000  55990.3660299998066    0.00    9.64        0
 t120304_065403.scr.rf 22 3101.000  55990.3663770842581    0.00    7.53        0
 t120304_065403.scr.rf 22 3101.000  55990.3667244256532    0.00    6.53        0
 t120304_065403.scr.rf 22 3101.000  55990.3670714969509    0.00    5.40        0
 t120304_065403.scr.rf 22 3101.000  55990.3674187959671    0.00   11.82        0
 t120304_065403.scr.rf 23 3101.000  55990.3677659045562    0.00    4.88        0
 t120304_065403.scr.rf 23 3101.000  55990.3681132318362    0.00    7.75        0
 t120304_065403.scr.rf 23 3101.000  55990.3684605556496    0.00    6.10        0
 t120304_065403.scr.rf 23 3101.000  55990.3688076129748    0.00    8.23        0
 t120304_065403.scr.rf 23 3101.000  55990.3691549287592    0.00    7.85        0
 t120304_065403.scr.rf 23 3101.000  55990.3695020928353    0.00    8.00        0
 t120304_065403.scr.rf 23 3101.000  55990.3698492836502    0.00    9.84        0
 t120304_065403.scr.rf 23 3101.000  55990.3701965864625    0.00    5.85        0
 t120304_065403.scr.rf 23 3101.000  55990.3705438894778    0.00    7.57        0
 t120304_065403.scr.rf 23 3101.000  55990.3708909174916    0.00    4.83        0
 t120304_065403.scr.rf 24 3101.000  55990.3712382059930    0.00    5.38        0
 t120304_065403.scr.rf 24 3101.000  55990.3715854910357    0.00    4.82        0
 t120304_065403.scr.rf 24 3101.000  55990.3719325085935    0.00    4.89        0
 t120304_065403.scr.rf 24 3101.000  55990.3722797841535    0.00    4.45        0
 t120304_065403.scr.rf 24 3101.000  55990.3726270548867    0.00    4.49        0
 t120304_065403.scr.rf 24 3101.000  55990.3729743207719    0.00    7.16        0
 t120304_065403.scr.rf 24 3101.000  55990.3733215826744    0.00    4.23        0
 t120304_065403.scr.rf 24 3101.000  55990.3736688373446    0.00    5.12        0
 t120304_065403.scr.rf 24 3101.000  55990.3740158251383    0.00    3.35        0
 t120304_065403.scr.rf 24 3101.000  55990.3743630706106    0.00    6.02        0
 t120304_065403.scr.rf 25 3101.000  55990.3747103107925    0.00    4.62        0
 t120304_065403.scr.rf 25 3101.000  55990.3750575460580    0.00    4.50        0
 t120304_065403.scr.rf 25 3101.000  55990.3754047749311    0.00    6.69        0
 t120304_065403.scr.rf 25 3101.000  55990.3757519987921    0.00    6.56        0
 t120304_065403.scr.rf 25 3101.000  55990.3760992175759    0.00    6.53        0
 t120304_065403.scr.rf 25 3101.000  55990.3764464297975    0.00    3.51        0
 t120304_065403.scr.rf 25 3101.000  55990.3767936367755    0.00    6.14        0
 t120304_065403.scr.rf 25 3101.000  55990.3771408402590    0.00    5.23        0
 t120304_065403.scr.rf 25 3101.000  55990.3774882966498    0.00    4.60        0
 t120304_065403.scr.rf 25 3101.000  55990.3778354862468    0.00    4.53        0
 t120304_065403.scr.rf 26 3101.000  55990.3781826683038    0.00    5.56        0
 t120304_065403.scr.rf 26 3101.000  55990.3785298471062    0.00    4.85        0
 t120304_065403.scr.rf 26 3101.000  55990.3788771369864    0.00    6.49        0
 t120304_065403.scr.rf 26 3101.000  55990.3792241850890    0.00    4.92        0
 t120304_065403.scr.rf 26 3101.000  55990.3795716062414    0.00    6.22        0
 t120304_065403.scr.rf 26 3101.000  55990.3799187602370    0.00    5.07        0
 t120304_065403.scr.rf 26 3101.000  55990.3802659046395    0.00    6.49        0
 t120304_065403.scr.rf 26 3101.000  55990.3806133102333    0.00    4.37        0
 t120304_065403.scr.rf 26 3101.000  55990.3809604458721    0.00    7.13        0
 t120304_065403.scr.rf 26 3101.000  55990.3813075740752    0.00    4.75        0
 t120304_065403.scr.rf 27 3101.000  55990.3816549586430    0.00    4.15        0
 t120304_065403.scr.rf 27 3101.000  55990.3820020754449    0.00    9.67        0
 t120304_065403.scr.rf 27 3101.000  55990.3823494453754    0.00    5.51        0
 t120304_065403.scr.rf 27 3101.000  55990.3826965476502    0.00    4.81        0
 t120304_065403.scr.rf 27 3101.000  55990.3830439072624    0.00    7.92        0
 t120304_065403.scr.rf 27 3101.000  55990.3833909952877    0.00    5.05        0
 t120304_065403.scr.rf 27 3101.000  55990.3837383427523    0.00    7.85        0
 t120304_065403.scr.rf 27 3101.000  55990.3840854260229    0.00    6.01        0
 t120304_065403.scr.rf 27 3101.000  55990.3844327470259    0.00    4.81        0
 t120304_065403.scr.rf 27 3101.000  55990.3847798105480    0.00    4.62        0
 t120304_065403.scr.rf 28 3101.000  55990.3851271289001    0.00    5.01        0
 t120304_065403.scr.rf 28 3101.000  55990.3854744436074    0.00    8.35        0
 t120304_065403.scr.rf 28 3101.000  55990.3858214834666    0.00    4.73        0
 t120304_065403.scr.rf 28 3101.000  55990.3861687760673    0.00   12.22        0
 t120304_065403.scr.rf 28 3101.000  55990.3865160744300    0.00   11.79        0
 t120304_065403.scr.rf 28 3101.000  55990.3868633567199    0.00    4.54        0
 t120304_065403.scr.rf 28 3101.000  55990.3872103715900    0.00    3.96        0
 t120304_065403.scr.rf 28 3101.000  55990.3875576423374    0.00    6.94        0
 t120304_065403.scr.rf 28 3101.000  55990.3879049078696    0.00    4.77        0
 t120304_065403.scr.rf 28 3101.000  55990.3882521646993    0.00   16.68        0
 t120304_065403.scr.rf 29 3101.000  55990.3885994124926    0.00   10.25        0
 t120304_065403.scr.rf 29 3101.000  55990.3889466554311    0.00    7.47        0
 t120304_065403.scr.rf 29 3101.000  55990.3892938936322    0.00    9.64        0
 t120304_065403.scr.rf 29 3101.000  55990.3896411232440    0.00    9.45        0
 t120304_065403.scr.rf 29 3101.000  55990.3899883451804    0.00    8.42        0
 t120304_065403.scr.rf 29 3101.000  55990.3903355618423    0.00    4.90        0
 t120304_065403.scr.rf 29 3101.000  55990.3906827719684    0.00    6.21        0
 t120304_065403.scr.rf 29 3101.000  55990.3910299733387    0.00    4.99        0
 t120304_065403.scr.rf 29 3101.000  55990.3913770345390    0.00   14.06        0
 t120304_065403.scr.rf 29 3101.000  55990.3917243581620    0.00    4.65        0
